6748 2900 -2126 -914 2118 -590 1956 212 2498 236 2710 2028 858 1366 -92 -836 
12490 -2140 -1808 -2090 2778 -8308 1728 -1330 1472 -1884 926 1878 -1420 1202 642 -1592 
13665 63 79 -227 927 -9175 429 71 -25 -515 2287 519 129 -219 -791 -2801 
8734 -5782 1346 1050 5366 -5858 -550 -854 394 -1450 202 -498 -2286 298 1614 -702 
8076 2824 100 1392 -2314 -4366 558 1076 -250 -1124 1172 -1294 -540 -1114 -1082 214 
10712 -3830 700 454 4914 -6176 -482 -734 1438 -1272 708 -348 -1674 1244 882 -1336 
9441 -2733 -361 1653 4369 -5161 -1405 -457 209 413 2323 261 -1439 15 227 -2043 
11121 1227 -813 -371 2223 -1631 -1115 257 1941 -2093 1109 1663 467 379 683 -535 
10359 6229 319 -907 -2255 -3105 541 689 69 -1013 1395 715 2241 51 -2319 -1313 
12847 117 163 425 -307 -7729 -219 469 473 -97 2207 359 165 371 -43 -1473 
10506 192 -2246 104 536 -6082 512 338 -598 396 2812 1654 -334 -40 -862 -2200 
11496 -2078 -1002 -916 3284 -5082 -1306 -1346 2444 -1480 1502 -724 -552 1730 702 -976 
8766 3926 -500 1264 -3298 -4870 944 802 190 -1734 1892 -560 -304 -542 -1580 -508 
11069 633 711 -917 -1395 -6023 -185 -367 1301 429 1615 -1037 451 -551 -193 -965 
12661 55 101 -69 -521 -7739 -225 177 613 -25 1787 -15 -47 67 -335 -1621 
11198 -696 -156 206 -3468 -4310 978 -742 -3442 1084 2302 -24 -212 592 -1520 -1406 
12447 39 687 103 -675 -7739 329 -97 -283 -965 1611 113 -113 -119 -519 -1683 
11097 -2691 2975 2719 3507 -7741 -2359 1409 -1193 737 1179 -2187 -985 -1413 49 -2207 
8281 -4541 207 1409 763 -1963 253 -2515 -1443 -525 1141 -721 -2057 1983 491 -683 
9134 1458 2268 -440 4948 1168 -1402 254 848 -2058 -488 -222 632 536 2206 710 
7192 -1696 1482 -1602 4066 -2994 -968 1036 914 28 366 -2616 -774 350 1472 -848 
12276 1162 -438 52 1860 -414 638 -612 -2854 2546 3068 -16 346 124 448 -922 
9133 665 479 -3381 3093 -3055 1223 -475 3077 -1255 1375 -1677 955 1793 451 -673 
10349 37 1547 -473 -993 -6649 -83 -517 65 783 621 -1255 357 -1235 -121 -321 
10575 2157 1973 -2265 -1473 -6735 621 -1281 1461 1309 87 -1125 1405 -933 -1545 -695 
12669 1165 121 -35 -835 -1507 -103 55 -49 -885 2239 61 279 227 -77 -317 
10846 1112 1792 30 -832 -1534 -94 106 -38 988 510 104 216 232 -92 -338 
10828 -1942 -1764 -3802 3504 -5746 1756 406 1104 -1332 1084 3126 586 250 892 -2118 
11960 652 -1988 -960 -1338 -4618 -2234 -500 -26 -848 2088 -850 532 -538 -102 -574 
11163 -3361 -3135 -3311 3459 -7621 2409 -341 1023 -789 2021 2565 -431 747 193 -2047 
9337 4323 401 -1105 -3431 -3305 -143 1829 -1753 -225 1003 1195 1749 -2231 -1837 -1327 
11505 -1189 -121 237 -43 -2773 -129 -963 427 475 2133 409 -101 -1439 -71 -581 
12336 1422 -288 -62 798 -7980 -158 248 244 -370 2198 -436 -1300 150 -576 -2226 
15060 1330 -1630 524 196 -3090 822 1168 -634 -930 4876 1124 -574 -252 -2080 -454 
13935 -91 -1557 1089 -1575 -4917 3097 -2073 -685 -499 1577 1419 -1565 1105 123 -535 
15658 -1048 26 -392 962 -8060 830 300 -66 -642 2558 1128 36 -424 -902 -2844 
10650 -6476 1622 1188 5622 -5600 -822 -958 592 -1884 264 -512 -2558 110 1948 -706 
10293 3951 351 1449 -2329 -5011 733 1337 -167 -1017 1381 -1629 -337 -1105 -1117 273 
13520 -3040 548 2960 1018 -4314 -1682 -1432 -3078 756 4440 -1410 -192 138 -426 -2238 
12759 -2187 -1345 2517 853 -4949 -315 833 -1635 -269 859 -1445 -655 251 1405 -165 
13645 1323 -967 -377 2325 -2273 -755 117 1627 -1645 1887 1847 289 233 43 -215 
11294 6082 142 -950 -1728 -3008 840 1240 -478 -1716 1856 1016 2124 370 -1906 -1082 
15863 25 325 347 -429 -7967 -295 597 667 -461 2501 483 243 337 -19 -1625 
12293 91 -3165 -79 253 -6541 267 347 -163 -407 2719 1481 -327 1047 -349 -1195 
13595 -1801 -681 -953 1855 -4589 -1333 -911 2449 -1519 1921 -877 21 1801 145 -931 
10833 3743 -799 1771 -3695 -6081 1301 1283 -11 -2755 2357 -817 -689 -509 -2015 -541 
13912 600 702 -1158 -2114 -7206 -468 -172 1594 604 2254 -684 578 -770 -252 -1484 
15350 -60 322 -80 -840 -8122 -192 208 588 -482 2194 30 -20 46 -324 -1770 
14389 -593 -549 213 -2381 -6139 1125 -847 -3595 1607 3161 263 -229 -401 -1341 -2011 
15207 -25 793 133 -977 -8077 257 -81 -181 -1281 2021 209 -135 -217 -511 -1887 
13033 -2185 1923 1865 1033 -7341 -1573 1605 -2181 1235 629 -1211 -1897 -2567 309 -1413 
12845 -3321 49 2803 1335 -4059 -1865 -2891 -2591 -845 3539 -1155 -691 863 125 -1629 
10313 1439 2377 -505 5587 769 -1449 231 887 -2175 -359 -275 647 677 2363 753 
8179 -1969 2547 -957 3675 -2385 323 2049 2005 -215 593 -3085 -891 517 1093 -151 
12018 1160 -822 56 2528 -450 632 -458 -2542 3576 2736 46 470 -624 1034 -784 
11323 869 817 -3385 4603 -2967 865 -609 2677 -2043 1527 -1653 1157 1587 1303 -391 
13197 175 1861 -345 -1161 -7023 -133 -283 17 771 867 -1163 309 -1285 -99 -473 
12827 2859 3063 -3033 -2251 -7059 721 -1409 1469 1179 359 -1079 1555 -919 -1511 -979 
15017 1237 291 -73 -245 -2297 -147 133 107 -1259 2499 9 363 315 97 -431 
13004 1134 1970 76 -366 -2120 -4 230 222 784 738 -78 200 136 -20 -306 
11219 -2301 -1803 -4063 3465 -6011 1699 259 981 -1697 1153 3267 617 245 791 -2317 
13521 -75 -2083 -955 -2771 -3795 -2495 -527 33 -1243 2313 -827 409 -391 -219 -351 
12565 -4361 -3305 -3755 2131 -6191 2197 -269 1139 -1211 2231 2495 -287 661 -19 -1829 
10912 5370 910 -1672 -2810 -3364 544 2408 -2544 -550 1200 886 2278 -1566 -2150 -988 
14335 319 -131 -95 221 -2107 -229 -113 857 459 2669 279 525 -811 19 -437 
15596 1362 512 -594 474 -8584 -1038 -354 -582 -336 2608 688 -1066 712 -1170 -1796 
