4753 135 -377 229 -883 -673 -153 -125 -43 -843 619 -295 -63 -89 47 129 
3325 685 -533 115 -1555 -487 115 225 -67 -247 627 -137 19 -263 -161 67 
3000 306 -700 -50 -994 28 214 -60 176 -542 710 -28 96 -10 -184 38 
4091 1403 -1203 -563 -2255 -1179 699 -207 383 -691 1051 455 455 183 -603 -371 
4359 127 -907 -447 -373 -217 73 -247 89 -655 843 185 367 157 -77 -189 
3673 1017 -1001 -361 -1913 -841 589 -153 313 -633 981 341 381 113 -521 -289 
4024 778 -638 -576 -1694 -840 732 -146 426 -844 722 302 344 208 -480 -222 
3586 316 -828 290 -884 -734 414 -80 52 -306 644 -72 -38 -14 -222 4 
3888 -376 -1104 320 184 168 -52 72 -44 -692 936 -116 -164 -56 212 168 
3063 625 -629 -79 -713 85 223 -179 203 -601 667 17 141 37 -205 -15 
3755 589 -43 -137 -905 -235 1 -53 229 -631 491 -289 157 27 -137 45 
3417 993 -601 -49 -1379 -519 371 75 19 -369 573 119 41 -125 -199 17 
4325 -171 -863 -279 -145 -97 -5 -95 -13 -627 801 107 229 55 7 -93 
3565 479 -885 309 -733 -367 213 -37 55 -799 851 259 -99 149 -147 -173 
3110 676 -638 -60 -704 78 180 -176 120 -618 738 -18 176 -14 -156 10 
3528 1366 -548 -702 -438 -484 -182 -52 228 -802 678 172 396 62 -24 -62 
3158 710 -866 -258 -704 72 164 -102 128 -538 782 -4 218 -20 -156 8 
3527 607 -1237 -513 -1611 -531 749 -465 649 -977 1143 497 475 449 -659 -423 
4178 1984 -820 -1214 -1406 -1252 276 -92 286 -806 868 550 686 156 -384 -338 
4075 -9 -1541 183 -1137 -1121 535 7 187 -657 1219 287 -85 175 -385 -277 
4517 747 -1261 277 -1671 -1053 255 -299 239 -1001 1173 301 71 217 -331 -261 
3259 333 -263 -337 -745 -831 -123 89 295 -901 525 171 47 173 -119 -85 
4063 285 -1105 485 -1215 -661 -119 -11 -187 -689 919 11 -187 -177 45 63 
3591 829 -999 -145 -783 -133 191 -109 135 -843 959 137 133 113 -179 -129 
3625 331 -1167 267 -517 73 -13 157 -71 -1029 1167 -7 -143 -9 37 3 
3200 788 -750 -166 -510 -702 132 -136 86 -552 698 152 158 122 -120 -144 
3496 790 -1010 -168 -578 -728 188 -142 150 -844 970 170 164 144 -180 -166 
3779 361 -681 737 -1691 -1053 21 113 77 -429 735 -369 -351 -29 -147 111 
3360 926 -330 204 -546 -288 176 54 46 -372 482 34 -76 4 -88 -18 
3631 971 -233 395 -1805 -733 -129 91 43 -393 475 -377 -121 -149 -45 187 
4163 117 -1095 403 27 -175 -31 -111 91 -805 1029 -257 -69 117 85 79 
3459 1127 -657 -229 -965 -929 403 -219 85 -711 729 295 213 129 -231 -227 
3318 -160 -638 80 -846 0 190 194 156 -600 644 56 58 26 -200 -38 
2540 370 -226 -32 -196 -14 -134 -118 136 -352 146 -124 304 58 102 36 
2838 722 -238 -906 -466 -286 -162 -16 -120 -324 480 66 540 -172 -40 -76 
2403 537 -619 -73 -895 -69 187 -137 179 -431 623 -55 145 45 -159 47 
3560 1432 -1202 -590 -2228 -1236 786 -210 354 -550 1004 510 468 190 -652 -404 
3826 -104 -832 -382 -138 140 -8 -210 40 -556 766 146 308 122 -10 -148 
2917 1209 -359 -955 -1043 -707 441 -211 569 -827 593 561 561 381 -435 -343 
3118 1028 -308 -738 -992 -554 278 -514 366 -368 654 424 536 308 -404 -434 
2946 170 -656 300 -766 -578 348 -26 50 -226 468 -124 0 -66 -140 28 
3657 -407 -1107 349 189 181 -119 51 -13 -577 867 -135 -161 -49 223 171 
2326 494 -556 -20 -546 170 216 -154 154 -414 568 -20 108 26 -188 12 
3320 540 162 -58 -804 -140 -58 -20 148 -324 366 -242 62 -120 -114 34 
2850 1064 -584 -66 -1018 -404 340 12 -46 -270 500 146 30 -140 -84 70 
3866 -144 -744 -450 -108 34 -62 -194 -30 -356 638 120 376 44 52 -98 
2897 371 -753 481 -551 -205 215 5 35 -705 721 161 -201 145 -123 -109 
2458 578 -596 -64 -544 168 166 -148 82 -452 638 -46 162 -30 -136 36 
2723 965 -235 -613 -421 -163 -219 13 215 -681 461 3 311 45 -3 31 
2491 601 -787 -237 -535 167 159 -83 85 -381 669 -35 191 -33 -133 37 
2953 887 -973 -495 -1115 -301 511 -331 439 -709 881 285 435 297 -483 -281 
3055 1267 -629 -1205 -1113 -753 675 47 443 -581 487 783 431 235 -425 -301 
3771 -173 -1527 233 -1135 -1031 539 47 185 -585 1181 283 -123 145 -389 -269 
4240 746 -1444 62 -1568 -1086 168 -536 198 -1030 1254 354 276 300 -290 -332 
3344 250 -10 -236 -834 -852 -140 38 310 -996 558 54 -4 236 -152 -94 
3528 -36 -1154 510 -1240 -616 -38 114 -174 -518 876 6 -264 -170 -8 64 
2850 660 -902 -132 -568 34 176 -106 114 -684 844 98 126 100 -158 -100 
3087 179 -1301 367 -261 219 -69 229 -155 -1035 1233 -93 -207 -63 101 73 
2614 558 -710 -114 -450 -538 142 -94 66 -402 618 130 106 86 -118 -118 
2930 602 -932 -152 -510 -590 184 -138 118 -694 868 164 148 130 -164 -156 
3672 478 -706 760 -1688 -1018 6 130 60 -368 718 -424 -356 -58 -126 152 
3007 1199 -275 173 -351 -439 167 27 -7 -249 409 71 -43 21 -61 -49 
3196 1464 -154 374 -1560 -808 -202 22 -38 -242 384 -430 -76 -154 32 224 
3719 -175 -1213 529 173 67 -279 -29 123 -711 989 -349 -149 73 199 153 
2736 858 -514 -48 -604 -578 290 -222 28 -564 586 188 120 74 -134 -120 
2485 -101 -689 249 -623 179 255 403 233 -555 627 -11 -51 -77 -189 9 
