73937 -10325 8513 4611 -13167 -6341 -6359 -773 -13863 -4223 -4263 651 -1549 -2413 5401 115 
51024 9678 8906 9576 -4714 16232 -4624 1944 -2012 4606 4464 -4934 3794 -646 -1994 -1684 
46414 210 486 1430 -1206 15062 -3146 -918 1102 2010 454 -3074 114 2022 -274 258 
66784 25066 -5086 -4412 -9798 12148 1552 3440 -1268 6442 4952 1450 4278 -814 -1418 -1316 
70213 -11065 -803 -5089 1491 5937 -6557 -3979 -2103 2155 3203 4313 4285 1487 5177 -2345 
58176 16412 -1210 -802 -10730 10222 -196 3746 -7252 6454 1540 -648 780 -6356 930 1030 
63085 12547 2997 -4809 -12789 8377 567 4613 -739 -2613 -5193 321 3309 -929 7365 6275 
57788 -2096 5042 426 -7716 -244 2042 -498 -16662 7638 4932 -1226 -328 702 -312 144 
60556 -24866 448 3678 -3310 -1568 -2258 -4090 -1278 4740 1556 -3768 -798 2904 -190 372 
50422 -190 -448 -2568 2324 4792 158 -518 -2776 126 576 -2530 -1968 -420 -30 -2006 
59390 -296 8732 -754 -2666 3652 -4124 -1126 4172 -6916 -6610 -1758 540 -74 6278 1464 
55756 8446 5126 3792 -7236 202 7594 5040 -10518 5166 3440 5928 1970 -7872 176 -962 
66856 -14770 2256 -4338 2110 6516 -5230 -2912 -2268 6946 -2098 4088 4180 3842 5388 -4246 
58360 -1068 -2850 1798 6628 16004 1450 1006 -7530 -1438 2380 -1954 -916 4798 -464 1380 
51154 -114 -664 8 3240 4804 34 -252 -2554 532 666 -30 -10 -90 -32 28 
57738 816 -96 -86 19892 2618 -1826 1070 23042 -5328 138 96 12 -1040 1328 122 
52179 -115 -2041 -147 4175 4873 -1341 135 1125 4121 2041 -207 147 227 1341 207 
57495 13047 -12691 -12575 -8279 16701 6699 -2767 967 389 1775 5787 639 2783 3261 3153 
69489 16921 -947 -3715 5807 -2517 -369 10783 11645 3551 1175 2579 2231 -13679 -311 -643 
65874 -1972 -7924 582 -21818 -2712 5968 -520 -4330 9234 7552 -286 -514 84 -5596 218 
73614 9450 -5950 5222 -13842 7866 4438 -6378 -9658 1490 2638 7786 3666 -2582 -4378 3322 
53026 -1874 80 244 -3400 -1984 -814 742 20876 -10514 -120 -118 -32 -1248 498 110 
65137 -1265 -641 14293 -15021 929 -1687 -857 -14777 5449 743 9103 -3291 -2315 1101 347 
61472 -658 -6770 2248 6372 6830 650 2134 -168 -5096 8258 -48 -1940 -46 10 128 
60191 -9181 -7875 9289 1449 6065 3015 3319 -3115 -2473 5989 -1065 -3667 1537 2907 -1121 
51624 -2420 634 38 13656 -1572 1090 -120 1004 4476 -634 -82 -38 -328 -1090 82 
60385 -3023 -7647 617 11723 -61 2951 509 2239 -5935 9297 -1633 -643 -1693 -2253 1487 
57930 11204 8932 15234 -15500 24486 -5114 -4364 -3064 2678 2696 -11196 -3270 3230 -3398 2348 
54009 -1337 8537 2171 15275 2825 9055 301 -1543 1323 243 2185 649 779 -275 635 
55818 14066 13700 13964 -6058 14862 -5968 -2236 -876 20 -122 -6304 -386 516 -858 -522 
64441 -17717 -1515 2651 4557 3983 1521 -10029 8237 877 741 -2953 -1753 14211 -1243 1559 
56084 6142 198 -264 11488 2626 -414 5368 1022 -3370 -92 -908 118 10680 340 582 
52405 -3669 1463 -247 -8009 13493 1081 -897 -4665 1265 543 755 4369 2365 7549 -3257 
42830 -5304 6778 -3140 -4246 -10668 -3922 -4662 384 2960 -6212 -3408 934 818 5476 102 
47335 11 5983 -1085 5149 1537 -12947 5771 12477 -1481 4947 -1759 3831 -3039 -2431 -2219 
39145 4593 1207 2119 -879 8693 -5765 -1567 1545 2589 159 -6297 -461 2385 -577 247 
59542 29624 -5724 -5018 -9852 11402 2226 4196 -1728 8038 5584 1416 4878 138 -2086 -1276 
61529 -15597 -2001 -5575 1185 5247 -7913 -5551 -1669 2191 3617 6061 5387 41 3781 -1613 
48769 12181 -4491 -11503 -403 1849 4221 8987 15691 -1365 -10257 2857 -4945 -4893 387 3203 
52408 8726 4602 -9528 -1156 3038 -1002 1628 8082 -2374 1012 3536 -2178 -2392 -5612 2874 
47726 -2270 5450 574 -7104 176 -500 -338 -15460 6426 4558 -1524 -206 764 -616 -136 
56973 -24157 1517 3711 -4487 -2861 -3003 -6517 149 7817 153 -5685 -321 2779 -1959 163 
38767 -77 -737 -2633 1601 4785 481 -895 -3561 1433 989 -2907 -2343 -637 -229 -2069 
52319 -87 12445 119 -1787 4391 -1845 -1489 2551 -3411 -3493 -555 1533 -1919 4813 1135 
47802 6742 3710 4122 -1408 -2752 8248 4278 -10864 6234 3390 7192 1330 -8136 1008 416 
58843 -14893 3527 -6201 5567 9147 -7809 -3911 -2239 9801 -2231 6579 4905 4005 6741 -5511 
47281 -1687 -2853 2611 5607 16791 4529 589 -9309 -1715 2019 -3967 -1253 4923 -1015 953 
40790 -56 -1196 46 3414 5084 -104 -318 -2424 2360 862 -34 -80 -338 -230 0 
44988 626 1094 88 9596 3690 -1942 1192 20942 -8182 -512 172 42 -12 1104 314 
41566 -212 -2140 -290 4268 4998 -998 212 532 5394 2140 -272 290 122 998 272 
50423 9193 -8185 -8999 3349 10043 5585 -6439 5125 -5241 7535 4631 5657 6243 4801 3063 
51840 13590 120 -9550 -1844 870 5492 16544 14718 6294 -3014 810 -784 -6820 -174 484 
61403 -1867 -8167 831 -25853 -2867 6281 -585 -4403 9653 7823 -321 -723 199 -5937 213 
70125 10817 -10361 2879 -11389 4411 -3079 -10567 -13689 4129 1423 9677 3139 -2813 -3191 -2311 
54072 -1544 1134 274 -6000 -1588 -874 398 17746 -20162 -440 334 -300 -130 -756 -36 
56400 -1084 -1372 14548 -22806 194 -342 -338 -11984 8778 1146 8214 -4886 -1176 -292 -552 
50787 -1515 -8187 1535 5009 5539 275 1443 -497 -4959 9319 -339 -1463 -231 13 151 
51642 -12466 -12022 12310 3382 6654 2694 3030 -3290 -1038 6030 -1354 -3462 1062 2242 -726 
42258 -2530 128 56 11728 -108 1102 -30 672 6062 -128 30 -56 -532 -1102 -30 
52082 -2876 -8542 360 10502 752 2354 204 1982 -5014 9794 -976 -248 -1144 -2438 728 
56455 12059 9385 16233 -14843 22917 -4073 -4277 -2535 4411 2513 -10645 -3931 4189 -3969 2255 
48534 336 9142 1952 21254 1852 10162 306 -1588 2824 172 1928 950 242 -844 970 
50959 16809 14727 15709 -331 6419 -4319 -2821 -585 1401 -451 -4757 -1317 533 -1441 -887 
58650 -22186 -2740 4324 552 152 558 -13178 8344 2078 1844 -2670 -3080 10996 -302 1410 
45290 -1248 106 564 10490 -2972 -390 1710 340 -3748 16 -896 -426 8450 224 730 
39815 -3739 -1027 1231 -5747 12791 6339 375 -2729 2449 807 -5583 3169 1225 6741 -3317 
